"Accomp" "Depers" "Exhaust" "WorkSat" "hosp"
1.38273345299726 -0.694922546067838 0.503123939797703 5.91177543063335 "1"
-0.60972465160071 -0.226718731178118 -1.93710562085715 6.49232388498906 "1"
0.71012856689541 0.410455567121792 -0.326735835086207 4.52458737326844 "1"
-0.81589615258857 -0.740383643594038 -1.79115348772202 4.97270773409252 "1"
0.0594699778152599 -2.03409007899524 -1.61783871560851 5.94915771253771 "1"
-0.447001022030109 1.18732212379592 -0.458524359888837 3.98803864894446 "1"
-0.0602588651668201 0.346069734539382 0.683576944287283 5.72086874939812 "1"
0.0349230832513605 0.582353619521302 0.259984192693013 4.57581558509983 "1"
0.97093012633917 -1.10852417920763 0.618548281505744 5.18535978065913 "1"
0.55151087239874 -0.113627236651148 -1.071813999551 6.9580815975033 "1"
-0.510827678848329 -1.46053103474091 -0.158504769381766 4.86249594814206 "1"
-0.270204568917539 -0.876013850478538 -2.28225282714463 5.90654366173035 "1"
0.11593578466904 -1.50268539033905 0.821157510544223 4.45833429427759 "1"
-0.22930853187693 -2.09485936105489 -1.17516432552246 6.46083440458983 "1"
-0.63999685395926 0.176908870811772 -1.06530003442299 5.3569111176423 "1"
-0.0556363789711796 1.18948370849404 0.278595208452313 2.85488502592855 "1"
-0.50932274192766 -0.048265219588588 -0.771599535757307 4.98056508646809 "1"
0.83256320551408 0.332096172002592 -0.543457398330017 4.04219384691176 "1"
-0.12116440635732 -0.900277018867128 0.816764938341564 5.84582676394066 "1"
-0.0504011724504796 -1.11777843529869 -2.22619947387249 7.17597109939172 "1"
-0.57557575386537 -0.586395487426438 -1.67605058414544 4.69448890921708 "1"
-0.0827024854118896 -0.0956635141187281 -1.21951393550123 4.65756333585357 "1"
-0.666943978934539 -1.50129870156381 -1.89806561266402 7.05251481573546 "1"
0.28151049925848 -0.245904577967028 0.550325319223274 4.8818985294417 "1"
-0.34090742823868 -2.33692138431248 0.479156129532163 4.93474090191417 "1"
-0.31158311587577 -0.814316987467658 -1.21150323332286 4.96173491937122 "1"
-0.0876707688687199 -1.64518246415351 0.182427379165023 4.54021559714446 "1"
0.35370776080215 -1.4161075964236 0.595380869619043 4.89814229937164 "1"
0.311093859557571 0.272864859751162 -0.847496978730477 4.57755061254473 "1"
-1.29643708743601 -1.97458623469631 -0.765256370700777 6.23859013336663 "1"
0.49128444531987 1.08099623961968 -0.475089767021267 4.36314954373278 "1"
-0.61389054308259 -1.97708901231814 -0.626659761597337 6.13846455488398 "1"
-0.4522129591947 -1.72127118533675 -1.72937461885107 6.18544699117083 "1"
0.28494760976898 -1.7635576423721 -0.644653975734427 5.08451723060441 "1"
0.12202662022247 -0.278038280269388 0.179428428407213 4.17552414058554 "1"
0.26664531641714 -0.744722984261018 -0.0851510135579865 5.35242882659847 "1"
0.56756306346173 0.290174460146892 -0.965549537863777 4.00728700228727 "1"
0.14000078446712 0.368151708797892 -1.23286737609025 5.14129249184657 "1"
-0.530077918549829 -0.630200941002848 -2.11220047240397 7.30045053680828 "1"
0.68377682031546 -0.837705297730528 -0.288192781860517 6.03213968990019 "1"
-0.18519090089682 -1.12549485779903 -0.427310080146447 4.87193383999822 "1"
0.89476587397077 -1.02772401959429 -0.970267701885777 6.48055984994601 "1"
-0.41059780671541 -0.0799381211425878 -1.43014081828647 5.48094938427432 "1"
1.49933703981215 0.610941609657792 0.594803041635713 4.19722859484304 "1"
-0.12436769182196 -0.743686617552698 0.160647769554043 3.98467192735699 "1"
-0.22691110569794 -0.301200005229708 0.137694908630793 4.88752432933117 "1"
-0.25228343678686 0.0551432942278018 0.385712262889603 3.96532806222512 "1"
-0.45726219672649 0.503480303266882 -0.939437914615967 6.86588894728525 "1"
0.2055314605461 -0.0141569924520382 -0.140285053551807 5.88292708903779 "1"
0.16417218037555 -0.0372059789026378 -0.252901246997027 5.76298686777905 "1"
-0.31831364416152 0.446186061500492 -0.263189634236747 5.47723612388349 "2"
-0.57837593479443 -0.739371759483938 0.314524844312754 5.49762639556308 "2"
-0.85335295379582 0.265382697715272 0.168897852656623 4.97639269197015 "2"
-0.51414010505485 0.779147281172722 1.00236655845925 4.84147870908555 "2"
0.11757127017479 1.39010249541203 0.582764586067483 5.71810551395206 "2"
0.20327230905474 -1.00006681603295 -1.57827762254167 5.60468914661065 "2"
-0.0574375576036195 -0.0243303443455081 -0.652948854389667 5.50006073152186 "2"
1.11366302060823 -0.821272394032478 0.0624022530048234 6.13125572186238 "2"
-0.44940482835174 -0.713699007020868 -2.04803009168772 4.73314869786665 "2"
0.599593814579491 0.0827002159005419 -0.885111807317007 6.26058727365651 "2"
0.61355467482173 0.110208379579132 -0.857717693326677 4.74178517144222 "2"
-1.42401648209779 -0.370069192741828 -1.57403412620513 2.91560083770045 "2"
0.28152158991099 0.427448272262662 0.910349564799033 5.57888669961243 "2"
0.3440169979554 -0.484732312048868 0.399044264183994 5.66707142525747 "2"
0.0406332936426699 1.97266635411612 0.423374787050693 4.46047455258638 "2"
0.32147907900323 -0.685058345642848 0.0479511821471634 5.44697025693154 "2"
0.32625654118845 0.835578386704842 0.414131914875243 3.63615142090821 "2"
-1.22574096481942 -0.389250162627798 0.940855943332263 3.92375018694597 "2"
-1.09798596109227 0.0531899150666519 0.790258334371063 4.17545555139925 "2"
0.546321269618351 -0.105255351165678 0.493077825623973 4.43257036887285 "2"
-0.97758405075476 -0.168239613815638 0.413135864348023 4.90049189723001 "2"
-0.85388135333699 -0.535261234615558 0.900530493094164 4.07045257080695 "2"
-0.27347010602507 0.792653699094952 1.131087598203 4.13798361491262 "2"
-0.66821934385136 1.8651634088141 0.302965469946763 5.65828561174474 "2"
-0.39090636705074 0.151240595738282 0.171696846321393 5.45114753116132 "2"
0.33290063195302 0.638915089432052 -0.112130048768807 5.13984918750623 "2"
0.31056015767927 2.76592243354612 2.28606008016674 4.36036268876237 "2"
1.46047640344069 -0.683744319886328 -1.68775732205395 7.01511225389106 "2"
-0.496103097267699 0.777483179843382 0.664728829513153 4.45588541030921 "2"
-0.1355499947195 2.02624479181698 0.476433066047223 4.04145492102652 "2"
0.20399739665169 1.23946192141461 1.39040917606145 4.50268685272849 "2"
0.44910550779704 2.32292752661839 0.175717904665073 4.28851078347183 "2"
0.152865781397471 1.16907649225276 0.652835717956584 3.73445035075301 "2"
0.504536626441221 -1.35768147374656 -0.349800923155427 5.79917610534338 "2"
-0.14417262828827 2.18656687411978 -0.175359695358597 4.41346955006445 "2"
0.99613058927864 -0.471033203564378 0.211973992432963 5.82322042922218 "2"
0.54527031009515 -0.423440263008708 1.14402360325299 4.90209477441951 "2"
0.17810308612019 -0.132378271548458 -0.604854586747066 5.24226857959125 "2"
0.62126830853068 0.748092152257172 0.568494889723014 4.54105215328816 "2"
0.90596889489628 0.106614729142392 -0.176213775025416 5.36822700495622 "2"
-0.57828967605875 0.710160801632112 0.348666198212833 5.23350447625553 "2"
0.38812505402439 -0.279550613422128 -1.12710217912642 4.64036427251922 "2"
-0.17345094013765 -1.69253332262882 0.384201348716633 4.65884286417288 "2"
0.06475600869953 0.486552326620952 -0.684460010406317 5.31846247113576 "2"
0.903038547961311 0.746780435801582 1.61194273396656 4.13841126481326 "2"
-0.34996034815997 -3.51455787398973 -1.73766437194504 5.63129834593866 "2"
0.00369914717268038 0.603636223407652 0.502075078064683 4.3927675723203 "2"
-0.69830977279701 1.68019217076235 -1.83807024120919 5.69182464826202 "2"
-0.16036129269324 0.477084305644462 -1.06864504440903 4.31383690565492 "2"
-0.93237753753642 -0.479686916621988 -1.78603772914418 4.37368603873506 "2"
0.55786936864435 0.112396253413332 0.786869692709914 5.65500923255788 "3"
-0.22397412492514 -0.066523549063938 0.863979810730283 4.5133014905208 "3"
0.63676827912853 0.357858148055362 1.03664282348469 5.57120423622814 "3"
0.28999029731736 0.834402296685822 1.2134755198566 6.44173397033901 "3"
0.1610594249179 0.359877255246382 0.605818529028493 4.9057917321162 "3"
0.46210260856164 -1.50894113734977 -0.867466154245707 6.45658171095514 "3"
-0.90592307432531 0.762094551609602 0.167407380895763 6.93807132673299 "3"
-1.43830713878375 -1.15952570904815 -0.897911958293087 5.21876713625831 "3"
0.766538920372001 0.671115186172132 1.7123473323922 5.81295956783842 "3"
-0.17141491843146 -1.34531788726565 -0.851456908818927 5.43537568979855 "3"
-2.13932644160936 -0.084604235127598 -1.37107837569901 4.9204738677637 "3"
0.15820542078126 0.0943604115425019 0.533614963977073 5.32224158265561 "3"
1.87460356849049 2.43166662013343 3.31032713499196 6.15000667776688 "3"
1.34707409828177 0.180669342206382 1.16062349126046 4.55197819452868 "3"
0.19697530204781 1.5170549208335 1.30266770592113 5.45243665561315 "3"
-0.25095481536747 1.5138830910229 2.31025571353146 4.85568963529813 "3"
0.49485375221872 -0.721816470753318 -0.467107437890337 6.7817711757918 "3"
1.29782441464863 -1.34497847459975 0.0648307527289735 6.63688376461313 "3"
-0.59120743334628 -0.396484329262018 -1.19723683021392 5.64651888709291 "3"
0.160843085193521 0.245748029190062 -0.846617076718397 6.03180550533237 "3"
0.941286442274381 0.574822873186222 1.50024981453881 5.4489182478015 "3"
-0.47994085107036 0.636077159076242 1.09919490973354 6.08269299729778 "3"
1.53829077939679 -0.928744315241498 0.383063369073214 5.50228468004634 "3"
0.7637941953584 0.568537735013882 1.81203479020938 5.03644769448822 "3"
1.35435861368023 0.0636047231727122 -0.435137507248017 6.57499731008915 "3"
-0.13312358680559 -0.953581318887768 -0.673037449438846 5.56547293755572 "3"
-0.19748413139255 0.0304479801501518 -0.218016468880966 5.92957788249193 "3"
-0.67187060009226 -2.79162416385029 -2.68629822982822 5.87258361464638 "3"
0.38786611497884 2.41156157396051 1.98052294375833 6.20090185578361 "3"
0.26142953694994 1.42863695009012 1.44814699735268 5.13311031381838 "3"
0.66644000884752 -0.948547459498798 -0.419534852260487 7.2605907816622 "3"
0.21248253712428 0.299297059266882 0.0921154961244732 5.50077168836602 "3"
-0.78291199773392 -3.03017865223813 -2.36539759870025 6.91697614376357 "3"
0.77847042150759 2.13590945605511 1.13693346211695 5.93501311252986 "3"
-0.88494454284477 1.50947154731285 -0.0661640229685267 5.88541012107546 "3"
-0.79071370539206 0.0704454083202219 -0.0734345180580966 4.79229973437902 "3"
-0.64923073182463 -2.0900521100797 -2.05549934203019 6.74512965054606 "3"
0.15185893931393 1.01283857699742 0.754701672607773 5.09613809727159 "3"
0.88032628556039 0.642073172902452 0.0226960471246231 5.93101270849553 "3"
-0.0934373499229899 1.17528193146675 0.597008311851163 4.55655795041521 "3"
-0.12296342665824 -3.03255467387883 -1.92564433867321 6.33661386803831 "3"
-0.974382484614019 0.0238735070710718 -0.474273654800227 5.18843308705781 "3"
-0.36995828074085 0.137947488006982 -0.0977521760694269 5.9071024447275 "3"
0.0352384816814597 0.356818424795942 0.249208258653993 7.0989348319057 "3"
-0.57817053719705 -1.30586704961202 -2.01641383908748 5.70834386843459 "3"
0.0373447475207698 0.0179900704251521 -0.0101932942186767 6.1529316802259 "3"
0.58843400944786 -1.53842002550952 -0.639784731637387 6.44987966431306 "3"
-1.17258897312634 -1.24310568063579 -1.84951700970321 5.7533285136623 "3"
-0.70675239431948 -2.78445939360845 -1.43271382576465 5.15012024334776 "3"
0.9226487532127 -1.04586453497468 0.234491080299653 5.57942371696075 "3"
0.31071281586145 -0.611323314726478 -0.0508433206006766 5.9288214482887 "4"
-0.39477212849614 -0.358058612686868 0.370427926140893 5.09503798185085 "4"
0.53279344915167 0.470048152431622 0.651642912824554 4.0997726922724 "4"
0.40885076398738 0.255932084065372 0.0382252233053335 4.57745119778421 "4"
-0.45713699375064 -0.244566449224238 1.55924253547302 5.55920452716304 "4"
1.29727481830137 -1.43298402655505 -0.697401054430037 5.34429842970267 "4"
1.34470705265217 -0.366492222555188 0.449414585758503 5.07387926051394 "4"
2.31843599457567 -0.257246882717308 0.154290423221333 4.12481463460876 "4"
0.23725905078868 0.825827203048462 -1.51337266210861 4.81508432631891 "4"
1.87648969347099 -1.15260893942932 -0.411503358763317 5.79051162715019 "4"
0.317796531345 -0.251047648858888 0.799084772312574 6.01311382485419 "4"
0.40584315143435 1.69912223046572 0.676054708005373 4.79236252574944 "4"
0.13589315625693 -1.57601612915049 -1.33845934047576 5.23295560295161 "4"
0.50077335928431 -0.149469515568748 -0.547118160652706 6.48784666706621 "4"
0.3920681283957 0.305850118413302 -0.688351579946306 4.47435211078204 "4"
-0.37576312693764 -1.34711994525338 -0.828119409789817 3.32461876357523 "4"
0.24151447283746 -0.350371038825088 -1.89873649758585 6.80714075334345 "4"
0.51471243978379 -1.49656563002381 0.213477130178653 6.22410579695981 "4"
-0.74054396410665 -0.114349952006728 -0.111112549651716 5.49528626764464 "4"
-0.25022182145951 0.0800232164669419 -1.37959826915731 5.16928140420725 "4"
0.93992792443683 -0.449700107007358 0.275926479908133 5.43174273462653 "4"
0.0442260535039498 0.845378206456062 1.81373313756322 3.87953101081888 "4"
0.10866802905056 -0.299722928685968 -0.742071984241166 4.88805717887151 "4"
-1.41489769865148 -1.27312622333904 0.791246591470883 5.63079308389905 "4"
0.68717804461429 -0.418403291564808 0.187563215053663 6.26699059081798 "4"
1.35838626025701 0.397721815036392 0.109601942424054 5.13640592828361 "4"
-0.7120489791079 -0.464436749748288 -0.115029540222187 4.94168762745143 "4"
-1.49780286213835 -0.435590594184678 0.244247504527603 5.83728020391137 "4"
0.168820158363951 -1.10973806290584 -0.157356621580867 5.71482487034235 "4"
2.52041265501828 -1.99015443251701 0.0853573335283633 4.71584654523515 "4"
0.25367241943732 0.659423572525062 -0.636548899911836 6.32413141066411 "4"
-0.0901588263303594 0.426093824331732 0.0210934396293534 4.30075518750614 "4"
-0.50585017734283 1.09595901628218 1.48891818771898 3.77509440599599 "4"
0.0331981543467199 0.877024115573592 1.03790974251621 3.49482407116718 "4"
0.33958762132624 -0.881302762098168 -1.63625320361799 5.50042315157591 "4"
0.83936016018918 -2.25378554080791 -1.28549999562245 6.21281179777777 "4"
1.37791309223792 1.31937285317716 1.26893238336668 4.44720975463065 "4"
0.72115667198158 -1.6797339997033 -1.03822643569502 5.45504096128744 "4"
-0.17941401887362 -0.0583581870571379 -0.114060937484917 4.97501958663849 "4"
0.82941796526919 -0.808462445443778 0.0569302997766634 4.13277421324002 "4"
-1.07265382451583 -0.634972067467228 1.12410600447741 5.1118253733958 "4"
0.254037537589761 -0.254127095731618 -0.463355465837907 5.98529226565703 "4"
-0.231232441099269 -0.451282228258148 -1.51276908537087 5.80448428540803 "4"
1.33176877436158 -0.356395644997348 -1.15237094752436 4.9395405392044 "4"
-0.380462127833169 0.659304382830782 1.07200851812121 5.97580449670828 "4"
0.65923740936335 -1.57000525693832 -0.477337330482916 4.90840833178139 "4"
-0.04918386387385 0.221650742175462 0.918494965562953 4.94921102254589 "4"
-0.44499102390401 -0.529402888271868 -0.366385511500347 5.76596156406571 "4"
-0.82747295015533 0.225236150281622 2.06004554244542 4.21168442183767 "4"
-0.57484303480295 0.0711290220389222 -0.417418172117257 5.12731859734635 "4"
1.28620632363354 -0.525409925511968 -1.2677123363893 6.53725323704955 "5"
0.60451008973432 -0.337113987660538 0.337176281462873 5.81704747479817 "5"
-0.52735678940138 -0.619854542318728 -0.803536000435067 5.14673395453182 "5"
-0.935353116563149 -1.44327895344801 -0.0672831981467965 5.48118575890184 "5"
-0.7279001417743 1.74584291618558 0.806901907424233 5.75018238200292 "5"
0.6511461104759 0.482475892539422 0.0517174136000333 4.95980994682313 "5"
-0.664374098823179 -0.696283405768028 -0.451437140160797 5.52015033042978 "5"
0.7191102889465 0.249589559448192 0.673877038384173 4.23801811380372 "5"
0.84795551187239 -1.94053575423818 -0.283511855400547 5.66903511221484 "5"
0.78252063533473 0.760313126488612 -1.15451862618584 4.45678658714431 "5"
-0.3172482793644 -1.3875958258471 -1.90616099340642 5.78011628634098 "5"
-1.1702682855913 -0.526467408190378 0.164952694215494 5.94672067702133 "5"
-0.280042468366489 -0.380526567470818 0.541395603139043 3.96175594176353 "5"
-0.66620267061014 0.449373624761072 0.489373702242463 3.64637472865036 "5"
0.16612795639661 -0.623396848043968 0.0784912703054133 4.71022535148678 "5"
-0.41358343004405 -0.175166907968268 -0.681560318154877 6.75897041968489 "5"
-0.289870867082 0.461162848019892 -0.903927498871017 5.64174966194822 "5"
0.77747653072366 -1.02319023516436 -0.638844839907867 5.83572692818579 "5"
-0.46124394103076 0.115100366176412 -1.1955199694706 6.41998383235427 "5"
0.59412230461985 1.06679097196549 0.339999977957433 5.16870280960126 "5"
-0.9645870407849 -1.11935361823785 -0.0559476307897966 5.95038434993514 "5"
-0.450933406271719 0.0121603944542521 -1.29985730056786 5.91374748983589 "5"
0.25249568104997 -0.0394783628372481 0.335102167177953 3.92637505795516 "5"
0.24088750365388 1.16510390831784 1.58719600403215 5.90280209775722 "5"
0.38411408402722 0.159348717087972 0.428896481850153 4.68428368339875 "5"
-1.44857385214 -0.025684060702488 0.00962175760478345 5.31904850601293 "5"
-0.493398087979219 -1.64757016364184 0.638407141114874 5.02429209677435 "5"
-0.81546510392074 0.147696289750302 0.544231412084423 3.61229877122619 "5"
0.98200162425262 -0.716105081969128 -1.73673792499153 5.52575394421115 "5"
-0.451314857979479 0.625835906196522 1.35245700729663 3.39396942939427 "5"
-0.28649033057216 -0.932728015375708 -0.131318615156087 5.13896832737697 "5"
0.72234172356072 -0.139231450820928 1.09661377379947 3.47953607434514 "5"
1.0964828289658 0.431641940813352 -1.32439745950644 6.08048528548727 "5"
0.7642449117151 -0.0839439012210281 -0.913065155895257 6.80536054043494 "5"
0.15607249502649 3.12075590151093 1.60051149508731 3.29120572151694 "5"
1.1531023126957 -0.299744523644178 -0.674906877349597 4.36702342644465 "5"
0.0646184759814004 0.328803370250202 1.00348871646483 4.53853130900211 "5"
1.34576438038035 0.293515494890812 0.544270312336374 5.75334578634976 "5"
0.22954556283328 -0.403566713786308 -1.127440630627 6.06978056366483 "5"
-0.00760654882499967 -0.935874968107098 -1.51776978280481 5.14055556648678 "5"
-0.28122163953205 -0.0355312674744179 -0.882503123195796 5.76703110344448 "5"
0.18641973153592 -0.317788276207998 -0.226331633624777 5.32831853446643 "5"
1.07122151212002 -1.64248738616615 -1.27059096187121 5.86250138489746 "5"
-1.09574315873747 0.159859752667262 -1.78686509404256 5.79044117785373 "5"
0.0758553841939102 -2.14242847908393 0.0512434038485132 5.03599235230021 "5"
-0.68068981189396 -0.523113251350228 -1.26314865385638 4.99429596751108 "5"
-0.76082146318951 1.02129843286771 1.02202666422902 3.87074582092563 "5"
0.24416229397928 -0.410525379322978 -1.1109736300411 5.5658309809302 "5"
0.22344822329178 0.660953671688862 0.346932659138293 5.21105404267667 "5"
0.26093061852265 0.303779734403942 0.399583738908674 4.32155253646738 "5"
-0.43974381849743 0.894960231011092 2.25998470028547 3.41117649816791 "6"
0.15712177011744 0.574069981733992 0.725735557816593 6.10192541145164 "6"
-1.19776643875311 0.371752523278572 2.57086178465082 4.78301789656513 "6"
0.76229972057861 -0.457543856909568 0.535107945602624 5.36385038603112 "6"
0.22523005421568 0.144810297506722 -0.592092984873897 5.10096587364546 "6"
-0.58214040789559 0.785807910724702 0.938468834504573 3.95199893007506 "6"
-0.0800087128968396 -0.503482557918988 -1.00578308447182 5.51168509062592 "6"
-1.46746912823314 -0.896479966416578 0.321814143301803 4.25640452564612 "6"
0.56948724501096 0.508593767496132 0.826316191470544 5.26934898571718 "6"
-0.481814421609799 1.6225717360076 0.0599231781073133 3.41706734590659 "6"
0.43273953379412 -0.335629844191588 -0.698475349082217 5.46270486389586 "6"
0.11887414538402 0.585931880003742 0.0228632428328335 5.30296944903151 "6"
0.52575092863228 -0.393931143812318 -0.126046436638036 5.60893339071836 "6"
-1.27301459300754 0.673249182710962 1.77019013116703 4.46307734403743 "6"
0.63198440229516 0.188989992713172 -0.936593137776107 4.97662518919017 "6"
2.26193201950245 -1.37910687050691 -0.564649768422257 4.82422461751114 "6"
0.0694767963803598 0.187069228418962 0.763943299925193 5.58448767984542 "6"
0.68126232390887 -0.979375558762908 1.00088851762655 5.50861295658799 "6"
-0.50988665489066 -0.835576356725118 -0.111445543412886 5.77282557355855 "6"
-0.28051206093109 -0.0322374158081677 -0.0750126470743666 4.76119208279855 "6"
0.0751961080865104 -0.684495358065058 0.172449883307953 5.68205296514605 "6"
0.62438818261475 0.233548199335422 -0.477517344652157 4.19915801579805 "6"
0.53385931780459 -0.592031729712658 -1.65583301088596 7.05264625634346 "6"
-0.0845990853721501 -0.518779474635448 -0.564969766712627 5.15831469067385 "6"
-1.00447781124979 0.772975228534512 2.25412143219593 4.36857120341685 "6"
-0.168630334462049 1.3785352364505 -0.392020443202327 4.98975670209646 "6"
-0.87360485403163 -0.342703817963798 -0.336111552731877 3.70936806752856 "6"
0.41163610041579 0.700076670329452 -0.418813592013947 5.26920783141991 "6"
-1.39583187747672 0.847879908788222 1.12891017689879 3.3997410496239 "6"
-0.85214207005464 2.56003977949657 1.43063900810783 4.04029620055623 "6"
0.81358957032392 -1.43243568105604 -1.11626335059384 4.50172939664021 "6"
-0.4008469303362 -2.27205387924754 -0.293272019804057 5.8250226417245 "6"
-0.32259215823834 1.65515453034673 -0.219519864198677 4.96116840619829 "6"
-0.38520817901398 -0.783355442112808 -0.333961940048606 7.22272782478672 "6"
-0.50632895832966 -0.298207059646738 -0.714885772078547 5.13750725892473 "6"
0.29994066740395 -1.81046793330333 -0.590044629576697 5.63640263866949 "6"
-0.49316400456299 -0.0723185555853778 -1.81354000182557 5.27655431461323 "6"
0.97172311719964 -0.0766703595166178 -0.299924711515727 5.38629567023048 "6"
0.0905522265361505 0.0227097101089222 -0.377580970637057 4.837376813284 "6"
-1.67890286538241 -1.4163730395696 -0.372232065935547 4.4377362635296 "6"
0.0876473484259206 0.263762043759632 -0.787580441155757 5.03545721894425 "6"
0.66894433396374 -0.394343579590128 -0.812096390058637 5.10309537208827 "6"
-0.34198424190872 -0.017044317914638 -0.564708810854577 5.27468449536352 "6"
0.95186961305053 -0.960553395886688 0.188119488405543 4.63497155453184 "6"
0.76157400092572 -0.316564527493048 -1.11010532902778 5.0892276270261 "6"
-1.25517200342334 1.22259748526416 0.107864556764413 4.99217436398185 "6"
0.27593523804183 -0.101505646885018 0.720231286269943 6.147863597641 "6"
0.27963120350641 0.289289595508762 0.632267451326413 5.3339559876453 "6"
0.79487749876388 0.00494469639199213 -0.502985101876807 6.16130900677203 "6"
-0.28134380208163 0.667652300133822 -0.0501566241598366 6.45489223002434 "6"
0.418551816215571 1.76693416743896 -1.84656803887034 5.75146012267071 "7"
-1.06870087781408 0.293869671848312 -0.830121395406997 4.92374698761732 "7"
0.621335578309 -0.345820220897628 0.437182348128934 3.60325793576734 "7"
-1.33798577188651 -1.5358635733252 -1.41532271575402 6.26187083267742 "7"
-0.40707415480418 0.340537256084932 -0.0153857793459866 5.44453762193974 "7"
-0.95419021549288 0.961547347361642 -0.626286326803147 5.32991617588621 "7"
0.73718582965997 0.825208336688332 -0.426367227450917 4.77294378082999 "7"
-0.00185701180510023 -0.914864873409278 -0.0706268395094165 5.8487361380785 "7"
1.19404675231291 0.858247046460422 -1.04284901397798 5.40948192017874 "7"
-0.18274771822089 -1.40738002868494 0.192198532083613 5.02142241680786 "7"
1.39699709776699 -0.102363792016408 -1.16967680540343 5.78422202011869 "7"
0.46705777453026 1.31868057060978 1.28383019997447 5.37581658874082 "7"
-0.28003291332801 0.319836977851552 -0.133866133639057 5.30960421691193 "7"
0.76939692177284 -0.184996158514898 -0.516068772333337 5.36875055193457 "7"
-0.64969413734774 -0.969617854962978 -0.316790900213357 5.06163852093186 "7"
0.161344273266121 -0.00324743102837788 -0.388706989757376 6.12933083038137 "7"
0.63305126418083 -1.12087202461285 0.618822670644153 6.23439519091417 "7"
0.564954866359511 0.678415764950382 0.630242700987863 5.58113164453102 "7"
-0.29073269125074 1.23635684171281 0.636536710162273 5.94586744705558 "7"
0.420182360620061 1.1125068330972 -0.0363797428676467 5.56266630093215 "7"
0.67752652473492 0.325172664154092 -0.0177854042102767 6.43351326822289 "7"
-0.52182798258146 0.970552327068532 0.481598181696733 5.4967347625579 "7"
-0.18538878560666 1.27170712094899 0.0865369638336433 5.25495826702088 "7"
-0.245545558119129 -0.281631040425178 -0.862588568344947 4.94625184135258 "7"
-0.15293319189583 0.570732957990372 1.52605305248416 3.74083136400955 "7"
0.27323793471287 -0.387888448481698 0.107425774337883 5.33596368685366 "7"
-0.92571473444015 -0.352777437425988 -0.789484905995057 4.39415464428441 "7"
-0.52831666579996 -0.461678012444378 -0.337218747568337 5.83489288664097 "7"
-1.09402937566235 -0.141813808900678 -0.638480633173697 5.5060235400206 "7"
-0.693884070938219 -1.56424188844737 -0.345412620848007 5.29427815560542 "7"
0.21373490196457 1.02100527201559 0.965012367442333 5.99502544308508 "7"
-1.05997845886315 -0.0386079478336381 -0.417913173845017 5.18872495284324 "7"
-0.27645266554962 -0.391657252732088 -0.581897048671247 5.504043593435 "7"
0.41115289230273 1.36336629055613 -0.462634767430107 5.76495115199624 "7"
-0.27650563888245 0.387990796524362 -0.267454370141107 5.887354956641 "7"
-0.203797038579 -0.151451861414408 1.37510804455673 6.08509632941801 "7"
0.0398443387240501 -0.464227158504178 -0.444360116714837 5.72898584462002 "7"
0.3641956854483 -0.116049118588328 0.360687445394094 6.31632215980541 "7"
-0.51183721155008 -1.52280981277338 -0.208134949667367 5.08272126169659 "7"
0.64220564632949 1.40650444860691 0.851317392921663 6.22374095021657 "7"
0.43286303654536 1.1973718772373 0.0976399044665635 5.41953421706945 "7"
-0.344865354043669 0.430924691702992 -0.739472165530957 5.09207856574097 "7"
-0.0896121673319197 1.1567286376143 0.978295606009433 4.7169558991403 "7"
-0.455051549724979 -1.40902248578184 0.174754149249933 4.81653877991737 "7"
0.12111989994874 -0.113731021649298 0.966827732641903 5.05641668236431 "7"
-0.60027003734629 0.309425555895142 -1.31762408184442 5.71847385977988 "7"
-0.52427193905427 0.342420774025862 -0.229300486448987 5.51818518371258 "7"
0.92770419520588 0.863703832969762 -0.848436720295267 6.24894990304972 "7"
-0.69433409892992 0.434793042219182 0.706341446950283 4.94386567824682 "7"
-0.15738733487175 0.772367838223912 0.740996831617493 5.52222855086107 "7"
0.0164445951391006 -0.779001764339548 -1.30938814386756 4.63826695336182 "8"
-0.80246257308544 1.9616953529719 0.928669945494064 5.10384993881499 "8"
-0.61118517277625 -0.760998469934628 -1.99532661366101 6.08353632025645 "8"
0.705386602972101 -0.211551497399878 -0.154796860923197 4.26906812412581 "8"
-1.21472216921807 0.200856593157202 -0.416792533772037 4.31855985754893 "8"
0.60017284603837 1.23154159892671 1.29422346261743 6.63358764242432 "8"
1.35066205620927 -0.946259141523188 -2.04992451133219 6.20087041047104 "8"
0.13084974673067 2.24826956611498 2.66116602826282 4.5305485500422 "8"
1.88398125082369 -1.87906222356579 -2.32698872585327 7.12019858353987 "8"
0.54431214223886 0.438975665994122 0.967358374732613 5.35048958654305 "8"
0.16613406815234 -0.00672497007451778 -0.191043220124246 4.60792006606543 "8"
0.43592676218009 2.81209067327713 1.25028255500354 5.16987800188908 "8"
0.31204499595592 1.7234856180621 0.303502485234723 5.16938618685116 "8"
0.25145724835394 -0.393899700414778 -0.569411949238817 5.02436879633313 "8"
0.825443855677 -1.16547442135061 -0.191879275887087 4.7298005008001 "8"
1.42864766004631 0.414226130947392 0.230336428627053 5.57923980557384 "8"
-0.54276380345578 -1.11913929402326 -1.23836416739331 4.03279280222587 "8"
-0.702624768539899 0.313750796639802 -1.02632079480661 4.768920030656 "8"
0.23700025736842 0.722851033671632 0.318720716694523 3.8308516311862 "8"
1.13502159237353 -0.904435922349018 -0.0535759108313969 4.85178267744538 "8"
0.138054194787641 0.978846945344922 -0.191580811300527 5.70381401667941 "8"
-0.0954491127887298 -1.10546158487936 -1.78488128245987 6.23226142345014 "8"
0.85492473687665 -1.40472096639006 -0.113935956158307 6.63637954189146 "8"
0.1993328223853 1.03121485997309 -0.880259490599977 5.13135230357129 "8"
0.15470187008063 0.296759495421762 0.635612249684844 4.24426777170713 "8"
-0.26680950224812 0.305531948312502 0.391822121131494 3.76152366455142 "8"
-0.719710517000379 0.666012599500222 0.180486172062543 4.01953470650727 "8"
0.848395750662871 -2.31879588757282 -1.23417756520957 7.31105978978243 "8"
0.795027917086 -0.465515281939938 -1.26004168436422 4.72693786730775 "8"
-0.66344876855118 0.230349760996612 -1.34766263546544 5.19214944942556 "8"
0.16703231472248 -1.01278716982171 -2.226424330589 4.21008688151578 "8"
-0.10604067529776 1.5282360703129 0.411921994032943 4.22071747100661 "8"
-0.46889960181098 1.08734405901984 1.05118414637507 4.30975874681369 "8"
0.47419916527282 1.04034078444601 -0.198806967259177 6.092306002784 "8"
-0.33936353390352 -0.119225287834438 -0.135294390776157 5.7136540727765 "8"
0.30933823588764 0.316733497769032 0.0243583939570131 5.16198236831018 "8"
-0.27046179991179 -1.46319739956541 -1.58693115669754 4.35724101184079 "8"
0.86120764450392 2.17125867585693 1.08643151123686 3.54210615002733 "8"
-0.4074776359073 0.815909930729402 0.346304544542844 4.46917939818069 "8"
1.09249984312534 -0.600363944821538 -0.330784329708697 3.85448396429368 "8"
0.260776883367821 -0.641634621003658 -0.385078754272567 4.85456377583347 "8"
0.94841308825049 0.577449251409892 -1.1162368228283 5.06900796234761 "8"
0.32044568182386 1.65620876249184 1.44838393278916 5.12135162367671 "8"
-0.0790725148670894 -0.143952165112738 -1.65852860021817 5.79860216129039 "8"
0.26611503695174 0.237920640371782 1.207986738398 4.52806664035173 "8"
0.99686989742339 -2.52185632776095 -1.70124763510652 5.21229887811009 "8"
-0.17365627238712 -0.101587318518398 -0.263025191909346 4.9953011248357 "8"
0.0825287006224702 -0.401120810115108 -0.431973827466767 3.41890056086372 "8"
0.52077168811884 -2.78536832571676 -1.35033504881499 4.95649585694438 "8"
-1.20781431955896 0.927404284816062 -0.181372908809807 4.99733912914414 "8"
-0.20946635210478 -1.15018484385798 0.521068653564083 4.76914843598098 "9"
0.83872709921652 0.457164981637642 0.826288853638053 5.73531966821032 "9"
0.509653682119771 -0.111557235565018 0.679525673660963 5.28265233838224 "9"
-1.1624105097758 0.672696187782072 1.27986347729459 3.93893681437146 "9"
1.49827440521576 -0.862030716853548 -1.88683263288903 6.16675805982123 "9"
0.9970755499171 -2.56401817329181 -1.67994676628578 5.20913544743674 "9"
-0.86920037553495 0.814748684147672 1.23960894327069 3.41921959762891 "9"
0.0119408572066906 -0.443623940782808 -0.336373862369367 5.05520102729872 "9"
-0.55019765637603 -1.30886909825784 1.03331968174577 4.57638917427739 "9"
-0.91477593754839 1.67728058540681 1.16509270536902 5.24414454492298 "9"
0.80485086987573 -0.783511914190488 0.575489492843723 4.04602229461934 "9"
-1.38322464740983 2.10389767488125 2.19181820008999 3.72316444436696 "9"
-0.11734118839716 -1.8767622160091 -2.89253155293028 6.4558232816831 "9"
-0.83813933889197 1.38880361682186 0.363074781290013 4.33917802562069 "9"
-0.37321299446627 0.654382859513512 -0.650942355282777 4.20590232718475 "9"
-0.9582845705644 0.323298690515162 1.519815552873 3.42983500668417 "9"
0.38453965261036 0.486566546668392 -0.275031807595477 6.23728320166684 "9"
1.56727817658977 -0.469783275383948 -1.11267053572825 4.91617470941781 "9"
-0.15630379475685 -0.111711526637098 0.405882777058443 5.74746228706088 "9"
-0.90379358016016 0.752515900315212 0.376889078523034 4.81845675254535 "9"
-0.23199432034572 0.781287119094032 1.53013572240428 3.64671136207791 "9"
0.90396012588281 -0.218288312394088 0.707739200581413 6.48835490622677 "9"
-1.03204443898383 -0.104433733995578 -2.09385388696496 4.58940392453982 "9"
-0.27950281955888 0.346854804870692 0.390142731201713 3.47495787225002 "9"
-0.40591476149817 -0.853597581198678 -1.26211404268557 5.26297333937778 "9"
-0.25144329083117 0.199990879891252 0.00931627727168349 4.9963669800851 "9"
-0.2660446130617 1.52678676423453 -0.152360605839107 4.85034682117509 "9"
-0.25976866022378 0.033448249318472 0.677717661112774 4.85139244055895 "9"
1.217400064352 0.311472713197972 -0.805878007752627 5.5792376247277 "9"
-0.32356176649098 -0.958149636158158 -2.65423630290025 5.80065566202781 "9"
-0.66466408855572 0.995819388046132 1.38901614484963 4.32499765153583 "9"
-0.21115257677796 -0.227113779049098 -0.324961799419597 3.12281569248583 "9"
-1.16692431280032 0.215967324732672 0.185409753843963 4.06880283854735 "9"
-0.19277807604251 2.22901156400122 2.37595264207968 3.73196843562867 "9"
-1.07695096134742 0.260613838397832 0.933343453891763 4.41559434091896 "9"
0.62186871043508 0.834847526769222 1.22402344344616 3.36321562425659 "9"
0.26274167970043 0.766599676476602 0.392321013052434 4.56531846042458 "9"
1.321793014003 -0.468027149569138 -1.91218378538369 5.54799514286334 "9"
0.74217022470552 -1.19045739456221 0.870059967692574 3.7626419185289 "9"
0.72555834124985 -0.00651105062577795 -1.52378917392544 6.6233979717394 "9"
0.67748806775296 -1.79513818092395 -1.28584140930451 5.62861632129219 "9"
-0.11319284790793 -1.19560537317596 -1.77683776058625 5.70192678770739 "9"
-0.32579928087703 1.57330363461489 0.0444226793859435 4.41518201937849 "9"
-0.8567213125884 0.369611992916352 -1.17671572994176 5.58252910022447 "9"
0.46085876634147 0.343679169448962 -0.822019959054327 3.52556078898565 "9"
0.76154212040944 -0.514117668252648 0.697596953116453 5.43919206550307 "9"
0.35034828646446 0.130680302679652 -0.0421472166949468 4.97269841219967 "9"
0.0437533562824903 -1.19361520607409 -1.20202499627859 5.20468693449308 "9"
0.23369948127046 1.16243246723426 -0.804693460944007 5.26348851160487 "9"
0.29104531431512 -0.756242420429478 0.645019774603793 5.75286812951004 "9"
0.44654356224661 -0.923811337064348 0.607553003905004 5.00363887399334 "10"
1.22444675534749 -0.289593377930748 -2.26710426340625 5.16948833957601 "10"
-0.6361350221032 -0.488450552648138 -0.587722370001117 4.56386186084601 "10"
0.32464627075409 -1.87902875232141 -1.39453137534787 6.02555525283232 "10"
-0.296993408574719 -0.751211027945158 0.146939734951873 5.31774112468055 "10"
0.78766214591802 1.37985864873197 -0.475230679917457 4.82211018649021 "10"
0.38777945798659 -0.530423674998498 -0.794471317128037 5.88423824733391 "10"
1.10159457896065 -1.07617352536308 0.352112161420393 3.87163250233196 "10"
0.443302974590821 -1.2498137202474 -0.525331525609717 5.82323664027211 "10"
-0.36460980987184 -0.687851699354258 -1.43518096947257 5.07081590511967 "10"
0.63523200279821 -0.241385951651058 -0.324146697700797 4.67060225387759 "10"
-0.58714904250869 0.109445682759982 -0.968676956523417 5.39881673877696 "10"
-0.146107506912 -0.843998401861338 -0.224983288891227 6.04706053725347 "10"
0.68591951949377 1.22000763316418 -0.148495548306687 5.17894360937672 "10"
-1.14198088998857 -0.788947372180658 -0.657634501631307 3.44860514021931 "10"
0.88203937497839 -0.0498503190187778 -0.205410775370507 4.6677431305946 "10"
0.90940934254338 1.38622347851414 -0.672223628900867 6.17170617021933 "10"
-0.0377120648101501 0.0561629287271921 -0.373540603787727 5.77441504309052 "10"
0.22625006139304 1.23051178491029 -0.575081583311637 6.49644000368707 "10"
0.49324009251087 -0.416012736023698 -0.630148322448687 5.59039926261873 "10"
-0.310749005915619 -0.230724686021528 0.0114381781354234 5.74423148766761 "10"
-0.16298741373624 -0.289031658541478 0.603263138278423 5.84095215469482 "10"
0.1140704378684 0.183888996831472 -0.349380606263457 5.53088107657822 "10"
0.64156621210751 -0.365545414838758 -0.0472359914632765 5.24170906925876 "10"
0.453741605782501 -0.170102278075078 -0.399329701587287 4.67305626714164 "10"
-0.26807583843478 0.608690915032252 0.141224059102473 5.81305087154387 "10"
0.00345737275850055 -1.76434687989056 -0.817776842627417 6.36605467648127 "10"
0.29684961788267 -0.877842185509968 -0.577608059739677 5.63872895327824 "10"
0.85915792379196 -0.810632689549628 -0.0440943693672167 5.6039393365342 "10"
0.38253919825775 -0.779988385538788 0.560966877844253 5.2060518466827 "10"
0.3850815402176 -0.184642911062778 -1.24066141724706 5.82292842107248 "10"
0.22595642348 0.684400957070182 -1.86061732509479 5.24518375769248 "10"
0.34647595597231 0.164005509577642 -1.71573986331284 5.10782979563566 "10"
-0.0606561721662198 0.880749006160702 -0.147319805291567 4.79376657793386 "10"
-0.0469954168144699 0.204005813103182 -1.4535735211224 5.5535113614587 "10"
0.22495972393329 1.18267673583876 1.00561437057638 5.27858918754631 "10"
0.0751419181775601 -1.33203497616488 -1.22244527277569 4.73941283370296 "10"
0.65943421550859 -0.0703605954975579 -0.903246597436607 4.06792261381211 "10"
-0.24189940231022 0.367145468800122 -0.752657346935627 4.5242487461969 "10"
0.0075734304250501 0.167009103162472 -0.0205998610806768 5.46283177425362 "10"
0.21591351900691 0.740184364571042 -1.99836567787475 4.10014678661574 "10"
-0.241033083085179 0.176138031993332 0.653857630818584 4.86043465911709 "10"
0.18543165738453 -0.361431339650488 0.783468977821164 4.66055305469547 "10"
0.4395268633401 -0.176826940965808 0.177689554381533 5.13348928841719 "10"
-1.08043473722113 0.420087017114472 -0.380619874946357 4.88849061559411 "10"
0.91586428030764 0.571547705672332 -1.1687635772686 7.20347138098791 "10"
1.142414902236 2.24907954607243 -0.954864299389727 5.7442746673128 "10"
-0.0740035687873002 -0.640921472861248 -2.26463920040733 5.9120255870974 "10"
0.65360871220623 -0.733713407616928 0.597285794561933 4.47535579487106 "10"
0.11654228368243 -0.480118962970338 -0.397059889947797 4.15165284493543 "10"
-0.10436219472998 -0.738088099007908 -0.984508532906037 6.17954314304492 "11"
0.57738216435167 -1.11210129319894 -0.675555113782807 6.20248762301641 "11"
-0.51111509135742 0.799990047289672 0.905046506174833 4.89072817889278 "11"
0.94999883220611 -0.524210507385958 1.18691605615691 5.10595522175715 "11"
1.08860533738673 -0.599249702868188 -0.00723950715088684 5.64759868996289 "11"
0.00309143634108011 -1.64710667936836 0.300906882334763 5.5112260783357 "11"
-0.0437381795158602 -0.165880818663148 -1.06679595217448 5.7723635189081 "11"
0.142029865912241 -0.881420793216428 0.220718737264263 4.94681087715279 "11"
0.0140338114684599 -0.133358299250838 1.47167381533221 5.30198050460071 "11"
0.16258703524736 -0.288347266337348 0.639676797987553 4.86829542397936 "11"
0.94888528224424 -1.4953341891346 0.634362611704473 6.39568824190482 "11"
-0.85218997835669 1.15796175980684 1.1230915187075 4.90199844677666 "11"
0.8512473499133 -1.2181434071127 -0.778599211984797 6.3216893925076 "11"
0.3656714820972 -0.659950421987788 -0.334123433641557 5.83515041839772 "11"
0.97561639027547 0.214185461353622 0.671759760801783 4.77817094338131 "11"
-0.96106515095107 -0.0535923191781178 0.288467061732923 6.3011082020311 "11"
-0.37837965642175 0.438687168214412 1.59895745257916 4.77458175800879 "11"
-0.15219148950408 0.197275635838122 0.876363569315964 5.05380989842255 "11"
-0.0789263374371094 -0.183640530202168 -0.931515624422017 5.93759864652431 "11"
-1.31583669720751 0.711964002212512 1.01744431235614 5.20548694803991 "11"
0.46982455649366 -0.862849253016518 -0.0215074784703169 5.44672852646513 "11"
0.37341517214767 -0.0530488685716479 -0.151757153042646 4.67961713847778 "11"
0.5343112561262 -0.365086303030828 -1.00662100887661 5.92495934866018 "11"
0.51828109440919 -0.0338432597670981 1.10756646664195 5.0703403112779 "11"
0.28500635752206 -0.0966692964221978 0.814644779500873 4.63055375632068 "11"
-0.0925620311015898 0.147444976593432 1.1160725231375 5.0578556650631 "11"
0.554824641905491 -0.835899177000538 -0.364964223216937 5.15427217534746 "11"
0.238257207138711 -0.777288269665948 1.04888961679124 4.92920542733212 "11"
0.47118189791076 -1.3398939004553 -0.0871518712091666 5.60728094843946 "11"
0.93877654586075 -0.552504528490898 -0.497860026214317 5.76307563512893 "11"
-0.31445041061076 -0.00585455671246793 -0.769724897049767 5.73661498997997 "11"
0.3244424680316 -0.190582294628428 -0.530626654292487 5.38031568765316 "11"
0.707224486469531 -0.274820071637158 -0.663473064473717 4.94709305363426 "11"
0.46429361721877 0.156082308541102 -0.164824273903457 5.13997167391626 "11"
-0.40975146182774 0.0403072467716119 0.113374091864453 5.69155800165468 "11"
0.2489139443442 0.0880741407738421 -0.950654747134167 5.75440365654726 "11"
0.42833799814659 -0.617724007332498 -0.855170840832457 5.7180900478857 "11"
0.22325140350652 -0.816710920326318 -0.329135437255867 5.15447397363871 "11"
0.77431704907765 -1.15570085374873 -0.322469414809397 5.83732126088431 "11"
0.18852203674235 0.306696659777352 0.818846720041253 4.91697370683786 "11"
0.11888171308184 -1.55210830379329 -0.716186063858327 6.1272001235842 "11"
1.05999037687028 -1.45821079334778 -0.380178222804937 4.45295718371506 "11"
-0.0374564868377503 0.625669806248782 1.99715085087212 4.18211195807054 "11"
0.90430090716005 -0.371414632796258 -0.692309171630707 4.5298465619942 "11"
0.62348105141272 -0.888761324635638 0.428073609765264 4.93847796218951 "11"
-0.0266785758659402 1.01189787944415 0.612314453875773 5.17565264835083 "11"
0.14064200123344 0.334690555108942 1.83467181905443 3.97717846697521 "11"
-0.425462654866219 -0.350896091864588 0.140204960043773 5.24227115162514 "11"
-0.01131081774707 -0.483461475423748 0.168719977974783 5.96130115784474 "11"
1.66598371238356 -1.19327668193599 -1.30764167539785 6.63626969003816 "11"
-1.12182959482499 1.42918124170071 0.959589860139713 5.66931018544913 "12"
-0.16927070212908 2.38680826416066 1.90215195437955 3.27223869468769 "12"
-1.45229599327772 1.15706588923117 0.0150834112936331 4.80067214856307 "12"
-0.8027048730327 1.30970284739621 4.13362585478314 5.72789210164749 "12"
-2.31596358695943 1.5573262005577 0.741103542579583 4.91243820306276 "12"
-1.67074079865403 1.87563169513722 2.46082134176242 4.83403999645815 "12"
-1.41498902155223 2.41279589154833 2.11750252798374 4.99294563671414 "12"
-2.47346041501143 2.00271696773533 1.56440848260102 6.23354643111393 "12"
-2.66569101062556 2.18991331292514 2.06846221041535 5.38866143837806 "12"
-1.44295877454244 1.76826000506159 0.709680656506383 6.02310451765098 "12"
-0.43927743798678 2.03677670446957 0.885328772180763 3.43542887772929 "12"
-1.02528001529816 2.4053981385083 1.8936555082113 5.40957710598144 "12"
-1.31754508353849 1.92723825593727 1.75307415864765 4.41557992499727 "12"
0.0598111692344405 2.28007392512481 1.9868889117211 4.22632310459699 "12"
-1.39057313808426 1.22473546637843 1.04001110290554 4.46096105151209 "12"
-1.10679935172835 2.82830687233347 3.63640621388651 4.92576638986407 "12"
-2.44997867655306 1.46787259030053 1.5093451672519 5.60796637061891 "12"
-2.03484773750417 1.80912939580935 1.61232558754487 4.53651373116703 "12"
-0.48984507295234 1.68052026138599 0.754134253430723 3.86675558121344 "12"
-1.50733589695066 1.36040062779016 1.12712991410514 4.36353143919317 "12"
-1.11829339976268 2.3549215074443 2.0503917172905 5.75477884134596 "12"
-1.47074005492677 1.6487571682183 1.29967200012357 4.8558540653124 "12"
-2.50661878720149 1.54401293666941 1.80583687977396 6.01448205135891 "12"
-1.44129034821262 1.19970397002783 0.579800409823443 5.66464378362255 "12"
-2.81870552141642 1.41536187780999 1.63408953299482 5.09170424333068 "12"
-1.83193915870573 2.57039137301318 1.43712137190193 5.48191027753714 "12"
-1.80769864304966 1.98017706927516 1.93981705804028 4.60792691241903 "12"
-1.73029696782997 1.32588923984209 0.999768257079613 5.48014476606629 "12"
-0.11065194632776 3.31254677168898 2.80612750717289 4.02830938195318 "12"
-2.15300718556015 2.05416111951653 1.05027863313825 5.4023159922342 "12"
-2.10865906399892 1.61481201292884 1.31715661493156 4.10236189782899 "12"
-1.81670073916305 0.0768892928483123 0.674838918198914 4.4502735720121 "12"
0.17117620307013 1.38264349292829 0.818816336439274 5.56691061367958 "12"
-2.37211013169469 2.0376579223396 2.09089101960522 3.65596776630009 "12"
-1.39403207312161 1.78887308214125 1.38680320831595 4.46829964143287 "12"
-1.79213380261471 1.57560764845913 2.68684396001889 4.25922334642187 "12"
-2.67881748109588 1.62311086293742 1.43399076573963 5.949498193348 "12"
-3.67430179734495 1.4250438114148 0.998172057426883 4.97600887137655 "12"
-1.83778003547315 1.52121142351313 1.00619051009838 6.16423088760003 "12"
-1.30706273430262 2.31230293401844 3.16707657808908 3.65056061966251 "12"
-1.39393407639797 2.24496839257615 2.87785063598621 4.11352403919061 "12"
-1.16394181886252 2.2142047183611 1.59356955323805 3.88508015779605 "12"
-2.07116989698309 0.703032865184562 0.194340484030253 4.7478323590246 "12"
-0.760716170150229 2.0854256698076 2.25932669983086 4.65296259301476 "12"
-2.45490167672748 1.57508739612985 1.81865331971395 4.83656098550909 "12"
-0.93731903201117 1.79392624235696 -0.395973747818607 3.90657443399331 "12"
-1.26011361459791 1.08658671367174 2.31190239184244 3.65680080697581 "12"
-2.13708319953898 0.0506536468713921 -0.580433318382817 6.24332398818785 "12"
-2.76565905946609 1.16696687107507 0.791556416660104 5.18162659580208 "12"
-1.30931704942446 1.13288275752089 0.521689681506754 6.19451765780451 "12"
0.416971703032091 -1.69370469141613 -2.70614900520767 8.47039349806368 "13"
-1.00909319035051 1.38651109254689 0.245632793861853 5.27004375982914 "13"
0.386052560092121 -1.81029796674732 -0.616136873926477 5.50299632496354 "13"
0.458833940606731 -0.817424511475198 0.0421434043728133 5.75805681444044 "13"
-0.225218514861139 1.40883954634537 2.1933521836864 5.37875702418657 "13"
0.21156596241461 0.981242058494622 0.255448293348443 5.02969567657749 "13"
0.610195648805441 -0.608723230841218 0.981328032423304 4.38758810340988 "13"
0.77519131592992 -0.348365185890288 -1.08058083793366 5.98653527045654 "13"
0.70297769049352 -0.477007656151568 -1.2262053859612 4.41950867479464 "13"
-0.41499602994217 -0.410401200028998 -0.953240916642757 4.15508916783068 "13"
-0.159428041674849 0.0271919808426921 -0.197543033357217 4.08679471659661 "13"
-0.000620287426099431 1.4653381658282 0.00824372147204322 5.22656955841017 "13"
0.79520034254709 0.475033907480362 0.801586298640824 4.710927138206 "13"
0.24740990269604 0.729729927735732 -0.598957693496227 5.08841955461203 "13"
-0.63702080923719 -0.225978344191768 1.55669072770605 3.00635957063586 "13"
-0.264846067260549 0.293048007620502 0.813376341848663 5.47906180515997 "13"
-0.71384500408433 -0.875635746934368 -0.417226056679737 3.99817424555063 "13"
0.605218241725821 0.202693779852392 -0.353521813698527 5.23892746110895 "13"
-1.59483587266163 0.301456008944702 0.454393558325004 4.16783082113113 "13"
-0.13141036128384 -0.984778063233768 -2.24579839603328 6.16144934722294 "13"
-0.00168662279394027 -1.17457943210455 0.248379173829903 4.52111720650351 "13"
0.32221132287063 0.191389633173132 -0.0190845270627165 5.02023836606483 "13"
-0.55223160146287 0.280365347373042 -0.922189132938147 4.69306318267829 "13"
1.32403421915527 1.07001529482926 -1.36590646061155 6.18000938924698 "13"
1.20098843784471 -2.27146571958112 -1.9462356155438 5.90972578935191 "13"
0.37314281009791 1.21784487120794 0.360715091061063 4.84041179082078 "13"
-0.17511205891846 -0.301358177405078 0.970500717392703 5.42233922184672 "13"
1.30890612895571 -0.946386301146278 0.934891188820603 5.17351013384292 "13"
0.32479727331558 0.128777314665612 -0.561979671922097 4.21617669466022 "13"
0.0232444916135899 0.437712781300512 -1.36721429313245 4.96926054400612 "13"
0.59696813417858 0.977376863956912 -0.0333396902754965 3.77353295455243 "13"
0.38335390267029 0.759101934931222 0.945843377578063 5.84767685842825 "13"
-0.13961602366982 0.808282490894092 1.86516498770129 4.38819380039961 "13"
0.57764621793257 -1.89656207321746 -0.186681420890327 4.79147613549996 "13"
0.29751376586063 -0.219686432925198 -1.04131182688729 5.65022147098743 "13"
0.86182279729234 0.586438094418472 -0.0245490805451265 4.99125848722654 "13"
-0.36734483370493 0.456189518632262 0.984950539050024 3.69899411381945 "13"
-0.19733409756693 0.863786719204502 0.375896378901573 3.85841455781796 "13"
0.24319332783244 -0.637631185553438 -1.61779107432858 4.95325735478741 "13"
0.92113665014914 -0.117329597482218 -0.997923113527917 5.27894184855071 "13"
0.41590836289277 -1.66073841520651 -0.963358244991827 3.68543089637729 "13"
1.8032545499241 0.109357628350942 0.177499978633723 5.05962912370558 "13"
0.57666568753761 -0.762958985513938 0.122269596613414 4.34896029062193 "13"
0.34609184531075 -1.75746076539359 -0.425477273791607 5.49208191363901 "13"
-0.64799674076694 1.23483887146253 1.57769823362428 3.16046477811085 "13"
-0.83972828159084 -0.967253969239658 -1.1431606848211 5.20491348204283 "13"
-0.27261444193823 -1.0115845013716 -1.39533335665112 5.21025974944112 "13"
-0.5908154125127 0.877805866397182 0.195481708845563 3.93803328330582 "13"
0.34151028521917 -0.367499533753048 -1.34804930013459 4.91375558993497 "13"
-0.0970231389448699 -0.602322888212298 0.499614261285263 4.53650069995223 "13"
1.18948366614115 -0.279112305923058 0.370992327071924 6.78179232378749 "14"
0.22588050365275 1.26878241602317 -1.1769884683066 6.12474354627305 "14"
0.71770209748885 -0.273890808625748 -1.00916755798864 4.57944614547113 "14"
0.361207713683291 -0.852312909330968 0.638637022900343 4.75951783466581 "14"
-0.74526656293715 -1.25392534806241 -0.311623130857847 3.93520581117989 "14"
-0.35286008598011 -1.00842175476627 -0.517125318501237 5.84900899620135 "14"
0.95238434885195 -0.999052517986298 1.79836669610628 5.98844114983789 "14"
0.23383673953141 -0.187872630012678 -0.0471732265961369 4.54927441340834 "14"
0.5115681050892 0.627269129748552 -0.290292625978387 5.91860461555576 "14"
0.115986778097311 0.292202937587852 -0.562407409373546 4.51804250110689 "14"
0.24956416981133 1.39109440247236 0.583340615811373 4.72829884755182 "14"
0.94446859650577 0.180360050779312 -1.44828638489455 4.75499830728858 "14"
0.115662822627431 -0.853275388567278 -0.0578596668952569 4.62827649550698 "14"
-0.66646972639846 0.279756925904922 -0.310056275913317 5.33025704082711 "14"
-0.14025951819094 0.853806495869072 -0.789045318935067 4.75982757103745 "14"
0.72888202835615 1.47225291279765 1.52860413740185 4.29204723955474 "14"
0.818904794695841 0.534946226687332 1.04436828319649 5.34117546081388 "14"
0.0603271402451204 0.864613252670692 0.575878907680443 3.69933908252675 "14"
-0.45940799267164 -1.87686179038682 -2.04211020155876 5.56053285229658 "14"
0.147868104444711 -0.0445994671532479 -0.0793595163263165 5.34141768129313 "14"
0.45270047137992 -1.31027903511806 -0.714740532041987 4.64646188989513 "14"
0.12078698453269 -0.240127322722778 -0.483376946840487 5.92477695167202 "14"
-0.37080662577341 0.238466485184062 0.138071915361234 5.21266030207424 "14"
0.58441933072767 -0.413694880253618 -1.677425615734 5.06645899206682 "14"
-0.28421174377597 -1.7316487098989 -1.69554633551873 5.62849244359029 "14"
0.25855398884949 0.731885461290592 0.893647962538013 4.56937512143455 "14"
0.76802236140934 0.272517366327382 0.321548322930453 4.35992624218686 "14"
-0.84481457460363 -1.91566310649664 -0.488170402059317 2.98995836465542 "14"
0.56840788299008 -0.168922841204588 0.393106731491564 5.51765859474448 "14"
1.346102394515 -1.59205208667042 -0.0936232015508365 5.43237077906557 "14"
-0.41502612537987 0.833683256577542 0.457186008564773 4.07747013053479 "14"
0.21330723285691 -0.284713505391498 -1.13647401833214 7.2817423239291 "14"
-1.31194118162402 -1.33178966838683 -1.84926888248101 6.25977411576126 "14"
0.18227569476538 0.879159754555952 -0.0212815437834566 4.11795447501304 "14"
0.76248031950582 1.85675151608915 1.58125081927832 3.08402603798912 "14"
-0.20365261030229 -0.730982679662058 -1.04955854910077 5.37451371333213 "14"
0.0973073680502603 0.417443524005752 0.0339113308207932 3.83649989990437 "14"
0.30044438051283 -1.2289703557299 -1.23772089219143 6.63075576674467 "14"
0.52353936160486 -0.221838439712708 0.674116081589474 4.20665046079995 "14"
-0.49515583900716 0.550983397244532 0.448047010772863 4.58295445468929 "14"
0.13575383349473 -0.867798972181408 -1.00650839251506 5.89711611515565 "14"
-0.35589700598629 0.368410006120742 -0.826997406836087 4.2028078341447 "14"
-0.0210755204956898 -0.253630901072188 -2.05648418744789 5.61992883124999 "14"
0.00239350760532986 -0.643924876496118 -0.731316235907907 7.3862270508157 "14"
0.172481210507661 0.646737544809152 -1.28150919912144 6.20148602196005 "14"
-0.5483622102196 0.227667753074032 -0.717931197796517 4.56455196900428 "14"
-0.71686048224588 -0.479175078978398 -1.12501921410984 3.31352718816847 "14"
0.18683025058682 0.0377565083292919 0.320578398161863 5.13335481459892 "14"
-0.0729927415972496 -1.07821591287377 0.592443667076953 3.9877591600541 "14"
0.661902110017691 0.568658396664002 0.737285960595283 5.23579920941586 "14"
0.36295066628422 0.452729437640272 0.119870020018903 4.24205989363116 "15"
-0.37578121007974 -0.669813425829178 -0.298827789743727 5.03514207339788 "15"
0.744718896977401 1.44877860145759 -0.0446830264346465 5.24673956746883 "15"
0.72703581924417 0.436062829716222 0.334375859381153 4.23982342621342 "15"
-1.43281392305796 0.016250666822152 0.587946313277223 4.04114406490567 "15"
0.274528274209271 -0.800119408503068 0.614177725675344 4.7351898545258 "15"
-0.18306192421175 -0.0354528400026379 0.882746638320073 4.16058562673184 "15"
-0.89788400795904 -0.403665148314298 0.335919286038973 4.79947637768466 "15"
-1.64746720369505 -0.405366317082928 -1.92054781931538 5.56518505182454 "15"
0.31844515317935 -0.802497844469868 1.95358583925029 4.67053557622654 "15"
0.18142201209105 -0.728695246546648 -1.14068973424647 4.66683514347948 "15"
0.21984485551206 -1.13146511697328 -0.800740075647667 4.55261809926737 "15"
-1.21956600081818 -1.30521084414827 -2.61566461055259 5.81288906010439 "15"
-1.37601764122503 -1.73874430686258 -0.310701702657217 5.10884949500213 "15"
0.58154513006895 -0.872005651287728 -0.735005566198707 6.32304977363739 "15"
0.8562695875038 -0.988300954016918 -0.560572498831497 5.88484807425186 "15"
0.40073122180539 -0.651050671569358 -0.440619054603167 4.10393123613582 "15"
-0.11651710995704 -1.68040561619559 -1.84725706312701 6.43541787394961 "15"
1.11574246979199 0.288925152334232 0.804166565467473 4.6958996291515 "15"
-0.54825230446151 1.61415031734077 1.86960587990499 5.28647927362041 "15"
-0.46627500553403 -0.151513278618258 0.372056172112114 4.7804368222994 "15"
-0.18514337618623 1.90219137437524 0.279809093492423 5.56039233634023 "15"
-1.19951314783763 -0.663594425087848 0.564374222275963 5.59041958629121 "15"
0.63781863114796 -0.761500824701338 -0.150485917410827 6.72808385769235 "15"
-1.71989366274091 -0.354358844231158 -0.224848410466767 4.45029778092219 "15"
1.62763644671768 1.06298689471616 0.258443263751593 5.25015783918256 "15"
-0.50658566568877 -0.318586028138018 1.81403449131022 5.23955224343681 "15"
-0.39188876561695 -0.497098386055698 0.112860823734303 5.19432642581484 "15"
-0.0584602223085895 -0.485783340962538 1.18128647164031 4.68025754002853 "15"
-1.19921118047881 -1.15135809401244 0.671712695976673 4.43964684157905 "15"
0.6776701431698 0.153505895902722 1.03769888798822 3.93730342801251 "15"
1.68920725753849 0.134486278752372 0.595403511116293 5.86018123807688 "15"
0.0138630615960205 0.548829901686352 -0.0691483336080965 4.21942369829398 "15"
0.0799444471438902 -0.944378452862828 -1.71714951352787 4.83511262301624 "15"
-0.29712055052281 -0.306666008839758 -0.0755734183849266 5.46259834605527 "15"
0.20458463705605 0.548566159362982 1.43369610489187 4.3808916724244 "15"
-1.07382431406876 0.895548038934052 0.574274057241864 6.30754899977731 "15"
-0.0965373143049595 -0.896936097744868 -1.49342762261715 4.93011724522572 "15"
0.96436347897218 1.11382597319481 -0.169422289007387 4.50449920806689 "15"
-0.0428405470173701 0.591147690131232 -1.00032930720952 5.38619339675243 "15"
0.794254377343671 1.42699310461754 0.0746933763266533 4.87034596119257 "15"
0.0229920218053898 -1.44702260509424 -1.59189833783434 4.62494441095259 "15"
0.87239424344375 0.0396361100317022 0.838223006089334 4.1783401685136 "15"
-0.44840302000854 -0.117656432070398 0.820484016229893 4.30950375487639 "15"
0.93060518293262 -0.775028784520488 -0.706547043458106 4.58160266105096 "15"
-0.159126070383889 1.04793752893837 0.348017465849623 4.02550805628222 "15"
0.34729033270952 -0.380918446424048 1.18233069539205 5.02529385812824 "15"
0.0451066761757097 1.30362187016481 0.815280252902443 5.02859565171598 "15"
-0.41919896726728 0.366566034351622 3.63576280233426 3.84422426846512 "15"
1.00144522162545 2.5377197570269 -0.117012791821027 5.18564086759692 "15"
-0.37396205920692 1.1038095618136 -0.0777952806456867 5.08198367328401 "16"
0.16723814362605 0.443809456747292 0.279964800489603 6.4630312815296 "16"
0.14506504649534 -0.407764373349418 1.39487659611744 3.76327230726123 "16"
-0.11245844639841 -0.354254646438738 -1.57361529370517 5.51722041755565 "16"
0.31392843615188 -1.93463288878464 -1.43068393266319 6.09074807807577 "16"
1.03934489503114 -1.10813593460837 -2.00227891746077 6.9277318911743 "16"
0.11388581687054 0.093381872457222 -0.549777488015807 6.88547081716041 "16"
1.75067056451432 -2.02619022749132 -2.17306759539484 5.64026407336051 "16"
-0.50740535412506 -1.11463426319325 -1.36303085580283 5.09162952138414 "16"
-0.41371664258874 -0.0525773083978178 1.73976165024231 5.98387116897274 "16"
0.81875310444127 1.33065220883246 0.465421293198723 3.83643080516075 "16"
-0.50949771000941 0.313551935141302 -0.421918535767537 4.70616535519332 "16"
0.3551603532231 -0.414982810826738 -0.805963421830297 4.29432188830622 "16"
-0.39280930526857 0.882540059836052 -0.0450521519065465 5.00897736348764 "16"
-0.2106142437539 0.739935335328592 1.47658390333485 5.21994949551951 "16"
-0.34653514960992 1.02073841719302 0.368763415090563 4.58186579060277 "16"
0.70194625977388 -0.284545218373258 -0.0641324898197468 5.44908071661799 "16"
-1.71757291489492 0.713455220943812 0.974705528132834 3.24207873240795 "16"
-0.13064769862892 -0.016503781766728 0.869393632442264 3.97309314320197 "16"
0.62702025431203 0.101898864181492 -1.57255642085134 6.22471791755645 "16"
0.14202034515099 -1.58083695826803 0.674441425383104 4.94768146701539 "16"
-1.36809872373477 1.38072636122711 -0.213308753525907 4.51457207759004 "16"
-1.13846644696681 -0.178489643257408 -0.672607060259446 3.64775845467914 "16"
-0.85511127582604 -0.164579155025958 0.499720950588713 5.02533015103869 "16"
0.23065933736288 0.178522771739072 -0.429231153439617 6.72836018038414 "16"
-0.5918131472818 -0.289085110116888 0.887153671152223 6.46544680981696 "16"
1.58369092074605 0.281755724518092 -0.531173411385727 4.91516183145212 "16"
0.0733868641336803 0.107904943159042 -1.25865982468034 5.70460963060333 "16"
-0.34966448350367 2.24081142557238 0.478598657086443 5.06542077431146 "16"
-0.6506388580733 -1.11271726343609 -0.722461613647987 5.95805519152486 "16"
-0.419093125028319 -0.814868603829988 1.49170730426976 3.36918190632473 "16"
-0.20919484354027 -1.25267214332794 -0.431940295412767 6.0987005081744 "16"
0.93361073301989 0.529851040236632 1.32500261878851 5.33651350845859 "16"
0.15993056951262 0.769178714407822 0.162513228481043 5.40843095488725 "16"
-0.56473612557183 0.118362822427032 0.0641245186399235 5.55148632788231 "16"
1.22583068118992 -0.261165099661718 1.42841451996198 4.90921056847168 "16"
0.0355484241300905 -1.26185207961022 -1.70073870642621 7.19036524602284 "16"
0.0788797662514105 0.354992728560982 0.468539971213973 4.88271734590432 "16"
-0.93109503171608 -0.888925649563138 0.195718596809553 5.28738698651295 "16"
-0.0732617020592699 0.895275978728602 0.688533192832123 4.7773287031912 "16"
-0.486996453636499 1.22139987990105 0.407021918781683 4.8998988287335 "16"
-0.6406693802812 0.191016015085592 1.04912548449278 5.27050873177241 "16"
0.0241659613016605 0.111341949273842 0.903232535511533 3.68636569683012 "16"
0.17920015577355 -1.12226874157084 -1.03217775626452 5.97329042018039 "16"
0.6146034272442 0.358422072051352 1.1482924749418 5.68478778964455 "16"
0.33158254095989 -0.661421112490018 0.630810284378473 4.61936985732714 "16"
-0.525025904854 0.161289563704912 0.0360460289889435 3.51412066014373 "16"
-0.4969363674137 -0.542184259435078 -0.0198790522068069 3.41684589885163 "16"
0.429136199357711 0.047614365593962 -0.130478802912187 4.18134497383948 "16"
-1.275148687728 0.893884252955592 1.22030507016115 3.989104962962 "16"
0.269332927141011 0.067519886674472 2.16930512014494 4.94562706519953 "17"
-0.0140097002049497 -0.714532108189378 0.0937322656063535 3.24387665767239 "17"
0.71386133385913 -0.717700067174488 -1.03334284729258 6.7189790889263 "17"
0.90800809660423 -1.58270555962498 -2.14298158076238 5.94070863942769 "17"
0.33070975470872 0.529977681517242 1.73808581866902 3.5302204054605 "17"
0.27198478790882 0.659537305970322 1.93288631438032 3.90009993589589 "17"
0.93893308455828 -0.388744333102388 -0.966139232789167 5.2564390474822 "17"
1.67088543029121 -0.913841565913878 -2.15310379106049 6.1023399888837 "17"
0.8061317434938 0.595561833768312 1.22634029910254 3.9885052341016 "17"
1.22708578075011 -0.530864682520938 -1.57951018868483 6.52847343711224 "17"
0.77654244725473 -0.810188406027378 -0.109232355346567 5.2031234425124 "17"
0.29234583812595 -0.635527224788688 1.16188972410672 4.68012476410977 "17"
0.0889429842510303 -1.17010042462267 -0.426688122431257 4.28703699019672 "17"
-0.62080140241015 0.796013298509472 2.17216648424746 2.27142832771418 "17"
0.82518089839507 -1.18548822211806 -0.839789599439887 5.17750381183718 "17"
-0.0167768281880001 -0.782039968243608 -0.0645674583690865 4.23541819875913 "17"
0.33599673477098 -1.11089998959097 -1.08796623644885 5.14242882006624 "17"
1.31661601518948 -1.20074409026595 -1.95626137606406 6.99765400968501 "17"
0.34451569912873 -0.0890544592019578 0.836617132098013 5.22844681169349 "17"
1.25546348657392 0.396861830318662 -0.588006970111457 6.32935082429938 "17"
0.11794767748664 -0.417426979897648 0.456260878859124 5.25262976267238 "17"
0.16694260073729 -0.740547304069758 0.603508461822264 4.18477599172897 "17"
0.48814998531369 -0.535632763825928 -0.0186650305995268 5.52918143647919 "17"
0.39591403128123 0.0709224974662721 0.640916176863433 5.16669449138738 "17"
1.0182500994053 -0.423171458587398 -1.40495378593825 5.76752873918903 "17"
-0.36237486714863 0.321754385877332 1.20409817271295 3.73213482206573 "17"
0.30831668499102 -0.215190730924508 1.42976712974904 4.04376375925295 "17"
0.70158062295365 0.328488321863822 0.809488479360053 5.4003612279308 "17"
0.50781288058769 -1.80195610897214 -1.45857233271987 5.61371998833141 "17"
0.85034194904391 0.166481926964652 0.566323902027094 4.75606604073951 "17"
0.57317730023002 0.064367466085002 1.14850004668826 4.91131126896959 "17"
0.13655563999401 0.408864436574882 2.24800830105183 5.04833318674974 "17"
0.29196585195922 0.119025583418142 1.39430415626689 5.81729131233463 "17"
0.47386070892519 -1.0841080191003 -0.958692164793587 6.28915909443579 "17"
0.96605853731326 0.556702673389412 0.582115376465153 5.66717475576897 "17"
0.32051686446555 0.0723621835047821 1.3438708842413 4.05567645899676 "17"
0.4666743555497 -1.26564137187693 -0.0970974459990068 5.92844292908651 "17"
-0.168012485899069 -0.352716155636708 0.472410342900293 2.75694232744619 "17"
-0.20028124825152 1.00777196136971 2.54345949220765 3.60794733514953 "17"
0.28025527596607 -0.340836503398038 1.61212730523089 4.28252133652226 "17"
1.09643897603543 -1.01944615992959 -0.891051203648237 7.07453508703009 "17"
-0.38297901159377 0.384635217767172 2.05054328202549 3.6033395519809 "17"
0.265545579391691 -0.301608177737508 0.482143320602163 4.59047447917017 "17"
0.23001592378982 0.287407068385742 1.85308259819826 4.22349962354288 "17"
0.24488504887201 -0.229789665548688 0.454661772367714 4.80963917810753 "17"
0.19265446111815 1.12826498763799 1.93291050618235 4.11287532280799 "17"
0.0168601974511002 -0.649111853433028 0.0487356533105334 4.00644592240358 "17"
0.9812502385151 -1.41259224950339 -1.9450355955741 5.62322883228862 "17"
0.25315057057798 -0.452402696388928 0.773056305014543 3.82065288410867 "17"
0.15126166083743 0.183454491625522 0.277111206841334 4.0764760620941 "17"
